#Krok  center wst2  center centr center prog2 end wst2     end wst3     
-1    -2.04652     -3.83181     -2.061       -3.6813      -3.38059     
-2    -3.05288     -5.83176     -3.05433     -5.68124     -5.38022     
-3    -4.05353     -7.83175     -4.05368     -7.68124     -7.38021     
-4    -5.0536      -9.83143     -5.05361     -9.68345     -9.37796     
-5    -6.0536      -11.8445     -6.0536      -11.9237     -11.1283     
-6    -7.05353     -10.5348     -7.05382     -10.1557     -9.74243     
-7    -8.01877     -9.85323     -8.03167     -9.08709     -8.71478     
-8    -8.39513     -8.39513     -8.39513     -8.51731     -8.51731     
-9    -7.03225     -7.42791     -7.74044     -7.38331     -7.38331     
-10   -6.33511     -6.33511     -6.33511     -7.38331     -7.38331     
-11   -5.54236     -5.54236     -5.54236     -7.38331     -7.38331     
-12   -4.27866     -4.27866     -4.27866     -4.35213     -4.35213     
-13   -3.29889     -3.29889     -3.29889     -3.39833     -3.39833     
-14   -2.0276      -2.41645     -2.76498     -1.97051     -1.66145     
-15   -1.68853     -1.68853     -1.68853     -1.2525      -0.777458    
-16   -0.451545    -0.451545    -0.451545    -0.30103     -0.30103     
-17   -0.451545    -0.451545    -0.451545    -0.30103     -0.30103     
-18   -0.451545    -0.451545    -0.451545    -0.30103     -0.30103     
-19   -0.451545    -0.451545    -0.451545    -0.30103     -0.30103     
-20   -0.451545    -0.451545    -0.451545    -0.30103     -0.30103     


