#Krok  center wst2  center centr center prog2 end wst2     end wst3     
-1    -2.04652     -3.83176     -2.061       -3.68034     -3.38155     
-2    -3.05324     -5.60667     -3.05568     -5.59125     -5.49233     
-3    -4.00961     -5.0755      -4.0915      -4.44117     -4.14068     
-4    -4.00961     -4.00961     -4.00961     -3.28987     -2.98884     
-5    -2.72447     -2.72447     -2.72447     -3.16808     -2.86703     
-6    -2.38992     -2.38992     -2.38992     -1.63521     -1.33418     
-7    -0.615301    -0.615301    -0.615301    -0.30103     0            
-8    -0.451545    -0.451545    -0.451545    -0.30103     -5.17719e-08 
-9    -0.451545    -0.451545    -0.451545    -0.30103     -3.62404e-07 
-10   -0.451545    -0.451545    -0.451545    -0.30103     -3.67582e-06 
-11   -0.451545    -0.451545    -0.451545    -0.30103     -3.72256e-05 
-12   -0.451545    -0.451545    -0.451545    -0.30103     -0.000353254 
-13   -0.451545    -0.451545    -0.451545    -0.30103     -0.00391548  
-14   -0.451545    -0.451545    -0.451545    -0.30103     -0.0391279   
-15   -0.451545    -0.451545    -0.451545    -0.30103     -0.704325    
-16   -0.451545    -0.451545    -0.451545    -0.30103     0.907176     
-17   -0.451545    -0.451545    -0.451545    -0.30103     1.93073      
-18   -0.451545    -0.451545    -0.451545    -0.30103     2.93301      
-19   -0.451545    -0.451545    -0.451545    -0.30103     3.93324      
-20   -0.451545    -0.451545    -0.451545    -0.30103     4.93326      


